1000
97 18 34
6 53 79
99 97 98
41 62 75
83 25 47
33 44 96
75 55 81
1 42 57
79 13 6
97 44 64
35 29 87
8 92 17
5 92 68
74 24 4
81 8 37
69 82 83
46 54 18
69 25 52
50 22 62
89 48 41
22 89 58
74 76 22
28 43 83
100 54 94
91 47 20
9 72 95
41 85 37
82 24 95
79 29 41
9 67 78
27 23 13
20 18 1
79 8 72
53 46 81
81 14 29
99 70 86
0 68 90
20 94 40
6 45 79
74 9 58
10 28 72
11 32 65
91 54 60
58 20 9
99 60 89
60 86 100
13 94 70
55 48 15
57 28 81
98 39 27
75 68 11
78 71 68
83 56 97
49 97 30
50 20 90
61 11 97
72 21 28
66 68 37
26 4 85
56 48 75
51 65 58
12 33 57
69 3 81
53 70 66
82 47 46
57 61 15
63 39 40
60 57 42
88 56 9
75 83 75
54 72 3
47 74 14
13 15 75
53 3 4
45 3 87
78 28 94
20 24 95
16 93 89
60 4 61
79 48 76
34 67 6
72 96 80
91 59 33
70 72 24
56 57 34
100 90 10
28 9 52
84 53 47
79 67 41
49 47 74
40 79 88
51 66 33
52 22 97
54 18 72
51 46 69
84 63 8
82 94 57
84 58 56
59 43 87
41 35 64
84 95 42
98 87 25
79 20 6
4 38 5
85 68 41
64 38 29
26 57 61
79 37 2
68 55 29
48 16 37
88 98 52
37 2 41
46 65 73
5 47 66
98 28 93
34 5 87
34 98 65
49 2 81
100 39 9
4 64 60
72 82 11
75 91 13
16 58 27
90 67 82
77 31 9
12 9 17
79 48 79
17 69 21
4 17 11
0 57 27
9 70 2
94 30 5
84 18 41
82 28 71
60 98 27
84 48 1
52 44 12
36 54 38
47 88 70
8 88 1
28 44 77
21 26 87
35 57 4
66 69 9
13 21 19
51 26 61
39 5 87
100 68 14
30 57 67
46 100 80
13 62 69
21 53 4
14 36 81
79 69 11
30 94 18
74 86 76
86 75 33
84 69 3
52 71 59
67 14 93
75 97 39
100 47 93
72 53 57
5 98 52
77 83 58
35 43 32
91 5 25
85 67 94
93 5 46
1 81 66
100 64 45
16 66 96
83 27 46
36 86 34
2 100 54
96 23 25
61 55 7
4 86 31
67 95 83
8 13 21
67 67 62
10 86 69
28 88 81
69 39 59
51 32 31
39 12 84
40 29 19
91 2 11
12 98 95
82 20 52
95 23 15
94 30 1
25 23 43
16 5 23
86 33 83
39 5 38
66 98 21
44 52 32
93 24 72
64 70 73
68 63 40
77 91 2
81 58 33
34 16 89
41 9 44
41 5 75
40 5 31
85 33 65
100 33 89
71 59 9
100 89 79
87 57 12
48 55 54
84 79 64
38 18 100
90 16 86
46 60 87
77 41 62
20 11 46
72 98 89
75 30 25
26 20 90
29 35 24
89 80 48
64 82 82
41 32 82
25 61 69
27 86 68
28 74 83
50 58 100
10 87 38
77 65 16
83 21 71
39 68 89
0 20 21
38 3 52
6 12 13
71 35 27
51 82 15
100 31 47
37 73 10
57 10 21
31 86 25
20 62 88
38 73 58
23 24 41
90 37 82
98 80 87
22 97 31
10 37 85
13 62 100
14 63 94
53 66 72
88 5 55
81 40 43
72 83 63
100 87 47
25 43 2
95 85 18
31 37 19
23 66 83
1 28 70
34 10 100
4 62 87
100 1 1
79 88 11
67 10 77
2 47 93
32 67 10
92 80 87
85 16 71
4 79 33
5 19 45
3 89 85
80 94 17
76 27 10
84 38 75
44 26 6
16 54 82
22 61 99
17 17 24
87 63 13
43 30 26
36 98 27
15 48 19
96 23 79
93 61 47
16 39 79
78 84 95
43 54 4
66 15 25
96 97 9
93 73 87
54 69 77
61 71 58
84 26 67
38 15 17
76 7 28
48 69 67
82 55 91
30 25 5
27 97 67
88 17 100
55 71 19
9 67 98
78 23 25
95 33 26
7 68 97
21 66 14
22 41 17
69 96 3
93 94 28
54 73 68
73 35 23
55 98 32
90 78 19
100 66 13
87 47 83
100 17 30
79 46 84
25 69 7
30 83 16
66 90 100
1 45 6
22 64 65
23 17 75
66 30 100
25 24 95
1 22 6
41 31 52
65 19 26
44 52 32
35 81 8
93 81 97
25 85 66
22 14 70
19 77 72
50 45 96
97 96 54
1 55 20
35 8 16
75 36 52
76 78 55
53 80 34
55 80 45
100 91 95
87 22 56
41 26 27
81 53 85
19 87 86
2 96 76
58 12 24
83 83 38
16 12 2
70 67 75
67 7 97
46 100 56
19 15 33
46 59 25
84 1 80
72 36 27
16 20 13
98 96 13
92 100 81
2 59 23
29 11 42
93 85 66
91 77 63
19 90 69
97 7 12
85 12 5
21 81 30
17 78 67
1 94 5
63 74 95
8 3 76
10 5 43
75 96 31
0 27 62
37 77 96
43 41 16
90 69 60
18 75 8
1 87 21
11 69 57
2 77 57
12 55 55
63 90 6
52 37 89
71 86 34
70 88 73
6 90 18
77 89 75
54 7 5
43 44 59
55 47 53
77 67 94
54 28 35
6 74 68
86 25 64
36 67 58
28 46 55
42 35 78
16 96 54
48 86 21
21 57 20
76 23 47
26 63 84
33 39 73
7 78 53
38 42 11
57 64 92
2 72 59
98 42 24
100 61 33
13 82 4
87 63 16
10 38 38
7 84 22
58 18 38
17 2 33
58 16 65
92 67 54
0 53 42
85 85 71
19 54 59
75 56 53
81 69 83
63 18 95
77 75 10
46 83 61
76 41 73
84 90 42
89 48 39
47 1 94
18 75 3
28 89 30
63 43 23
0 71 40
8 61 41
77 97 48
44 62 13
79 26 26
5 85 97
36 64 15
52 60 75
98 57 37
81 45 30
28 100 1
6 90 7
76 82 99
15 70 53
34 72 48
80 66 44
73 43 35
57 76 70
100 66 7
22 15 99
59 89 41
78 3 72
10 19 4
46 18 82
57 26 71
42 93 80
55 3 20
100 45 18
8 2 87
99 13 4
50 96 59
75 31 59
8 47 90
52 36 12
34 21 80
23 89 93
66 96 69
32 15 55
64 88 26
4 80 61
42 58 87
87 21 91
54 47 14
38 68 94
18 57 73
19 8 1
55 83 24
87 5 14
73 79 96
56 87 92
95 20 58
46 60 37
40 87 59
68 94 26
18 28 91
81 30 41
17 42 4
19 80 12
80 22 42
58 86 97
22 95 30
51 61 95
98 41 60
51 36 99
5 4 81
32 27 27
30 5 25
93 6 84
27 65 77
99 41 62
32 47 87
88 55 34
43 89 76
86 82 81
23 21 97
33 84 61
53 97 9
19 32 69
75 28 25
9 10 84
14 12 58
63 73 6
43 97 35
16 15 64
100 28 10
84 5 4
97 87 65
37 56 98
4 57 29
12 88 91
51 16 84
33 17 14
52 10 20
57 87 8
62 18 5
86 14 22
70 44 46
24 81 77
22 42 25
90 98 72
90 14 81
98 69 74
51 39 32
44 19 7
47 8 15
60 5 38
5 95 26
83 88 33
22 45 39
13 55 55
48 21 33
53 86 23
82 45 77
19 7 99
76 77 73
41 12 92
98 29 77
37 92 57
97 48 53
25 74 22
61 95 87
27 61 19
35 73 75
66 26 38
54 93 10
78 100 69
21 99 3
71 83 38
53 48 96
30 9 85
87 37 39
28 62 38
89 11 13
33 18 17
91 24 30
38 13 28
17 43 82
43 19 26
40 9 35
4 42 74
96 80 66
56 30 6
64 16 62
20 98 70
20 60 75
39 62 19
91 74 34
87 20 40
28 53 36
52 79 95
85 73 70
59 96 91
82 42 37
74 73 98
4 1 83
82 2 69
82 70 56
86 23 47
48 100 7
37 87 8
60 68 69
20 28 98
83 62 4
28 81 52
38 31 43
95 88 7
1 87 71
75 18 61
53 92 12
68 47 78
4 11 83
93 40 71
0 99 43
85 73 67
13 46 10
87 81 48
17 37 79
78 12 41
3 19 75
60 81 83
23 7 39
36 32 85
68 6 13
30 74 67
34 64 3
90 76 61
75 37 68
18 66 28
84 71 12
55 65 61
14 59 83
5 20 37
57 41 42
79 40 83
77 83 32
31 9 89
81 79 13
60 29 94
92 82 14
16 86 48
59 75 48
42 67 86
80 65 25
67 45 63
74 77 38
19 61 77
55 77 36
76 45 72
37 24 17
19 95 1
48 39 20
29 25 59
34 38 11
28 11 21
75 97 59
8 64 34
74 92 31
100 84 72
60 34 72
64 81 11
75 93 5
46 13 67
37 54 52
24 60 67
83 15 78
52 27 3
95 61 13
2 42 20
53 61 85
91 9 77
0 10 42
96 46 59
65 77 89
38 4 1
100 35 40
61 88 67
75 46 17
18 56 55
1 97 39
95 11 94
13 99 9
71 76 48
50 36 93
73 60 73
21 60 67
31 46 91
95 82 27
1 52 5
60 38 13
56 92 59
98 6 75
73 41 26
19 59 93
51 37 95
14 30 25
42 33 100
2 20 12
36 98 30
19 57 99
12 72 83
16 58 42
71 28 11
83 77 98
66 89 30
20 56 46
3 75 98
13 47 81
90 24 63
24 57 9
94 53 82
82 98 10
62 87 92
75 9 23
81 38 43
77 89 85
70 57 74
68 23 92
79 91 11
51 16 83
66 43 12
38 10 22
54 36 40
83 98 82
67 19 16
94 73 33
97 37 34
92 7 98
85 55 91
37 26 33
72 40 83
13 45 52
46 13 25
38 2 57
4 78 15
20 46 63
96 55 72
40 76 92
54 53 91
55 58 79
60 100 78
63 42 23
99 35 58
18 18 95
74 98 45
57 66 7
17 75 28
90 58 66
30 64 33
46 25 23
83 41 63
46 69 58
54 70 59
15 27 85
6 57 10
33 12 86
86 41 9
99 77 4
68 23 60
81 4 75
23 76 96
93 21 57
75 12 4
61 18 70
58 27 76
45 38 11
58 58 81
58 20 22
73 32 97
44 60 67
53 76 77
94 30 67
23 100 5
84 30 23
70 70 72
14 46 40
31 83 25
16 88 96
54 84 33
36 69 53
82 87 30
45 39 23
66 20 11
93 62 88
59 30 95
30 61 23
16 53 10
12 3 26
49 48 55
53 22 1
83 77 15
99 61 22
76 9 32
86 89 75
18 89 10
6 97 77
25 2 9
70 25 2
44 4 23
80 74 70
98 85 38
23 70 19
10 67 92
1 90 31
67 1 56
52 58 41
51 34 61
49 18 95
80 2 41
100 98 41
65 42 19
47 25 9
65 39 45
7 54 41
57 53 73
48 59 23
100 37 76
37 33 85
8 20 80
52 72 19
20 14 88
100 76 79
66 17 16
21 52 78
99 99 99
85 96 27
3 22 39
56 43 8
91 10 23
81 64 70
70 100 38
82 89 7
3 38 18
59 8 29
23 7 3
10 33 56
2 98 62
6 54 76
95 52 21
52 96 17
97 10 91
71 75 25
45 61 96
19 77 96
8 34 45
1 23 57
75 18 15
62 17 79
100 91 42
65 70 12
98 85 64
38 55 3
93 26 48
30 15 68
1 95 53
50 65 61
70 35 40
57 48 78
91 22 82
33 60 68
67 60 99
3 66 73
61 6 25
57 52 31
96 10 58
99 3 95
50 95 41
87 93 35
34 72 75
47 27 41
50 42 68
98 13 29
35 35 60
47 66 68
30 44 90
0 55 55
43 9 84
25 54 15
99 62 71
91 88 3
92 40 17
43 81 99
92 55 47
52 91 16
0 54 4
75 52 73
22 34 52
25 93 2
42 73 40
37 65 24
0 15 62
10 55 4
94 29 22
42 13 34
97 24 78
45 94 28
85 74 65
67 73 45
40 29 7
79 4 33
14 10 10
82 47 30
52 56 84
29 90 66
48 62 3
32 46 61
16 81 80
57 59 38
20 39 43
89 80 24
100 9 27
56 83 72
80 32 67
79 7 62
31 9 91
67 88 33
53 28 74
82 77 39
68 88 23
5 34 58
35 62 33
95 22 15
28 75 45
55 4 97
9 77 77
7 95 21
32 68 96
67 53 15
61 87 41
45 24 72
2 9 3
17 26 74
23 65 87
52 20 71
13 98 74
23 68 11
2 57 53
48 19 14
36 4 21
6 74 32
44 5 97
22 4 96
0 34 29
22 21 46
61 85 22
89 37 94
16 11 38
99 8 47
31 47 82
71 28 4
17 8 18
83 81 21
95 21 59
37 21 1
93 79 38
48 77 79
65 91 93
38 13 25
18 22 25
13 9 38
64 85 30
79 87 63
50 22 39
72 17 12
55 37 9
84 79 77
82 97 70
38 4 40
50 66 61
96 31 25
51 9 46
24 1 68
16 43 68
55 94 47
80 60 28
35 99 22
28 95 81
45 54 78
95 62 96
12 24 3
84 90 1
19 13 36
91 41 56
9 100 8
7 79 5
59 98 12
9 76 39
69 91 72
48 100 27
7 34 65
85 7 21
17 31 57
14 84 31
87 78 17
0 42 24
32 60 75
100 6 94
7 52 70
41 97 37
8 59 6
71 87 7
1 7 59
97 82 93
